$ANSIBLE_VAULT;1.2;AES256;funky
35353236636664656634386133653861343964623466643130646435396361393835373863666166
3263363563373739386639633235323033626232353365380a646464333039383234366330646435
38343434343838643531326236313862636439363862343466386534623138626235313632333738
6631373633643764620a336638383730656363613436666266323161346236636665656539663432
62396164356364396664303634343538366565396137656664386432346339356266636133376131
33633463613036386530393933656334326235303766343039633537636362336538333335383862
35396631353439653266626530333730376433343337653333323661383730376633396238303434
31326266393939636535653037633762356562643036303336633463373833333739366166313534
30346434653839323932653839316462376665383531313063396665383963316131373332663230
36373465373732313866396638393030313836313537636537363338336339336163303135393938
37393964326532323730636365373138393531356135336663303036353639316261333135313332
34393064633136663138333061386437363766343733666630356661356361373537393130636464
33373231636363316562636362316665666231386362613432636531366433623264613864643530
38343462643863393964623137653433343162353763613262666430333866346439343434363431
35393930346532663630623734646435333932383163306633386161616265343566303662616639
62653433346139313632333464323664653630613034323566663132663530633637353261383934
65336363363431663461626239656433353238363032393235343338383433613035313964373065
35333565643137333337613033633963396261663132356338613031336161623637633661303736
62323737646131636263643534356562396237383430326635376138323635343833333232393137
34323637383330346331663930656433396231386333373035646564363437393563346438303330
3738
