$ANSIBLE_VAULT;1.1;AES256
36646134623463303335363039636561396266353335386636623165616238643634393039663935
3930363136333061353764396135383635303138386161630a333566326238353031656235633232
66623131303563313332663630343535396237373136346530393638363638366234353033313663
3431336463303134350a653633313961626535316164613164356165363537386138363266343634
65653938636366643938306633663635663731303533363661376162636264386131383061633133
39303562336635306537373034666232326433336332343032356166613965373537346530386632
32303737363435643963303935373066393030623764363133633565396363613766373037363930
35616639313236386532363835303339396338663330626564373066313033356436306135393861
61636237343738303161353266323061323632313935363334323337633462376561613434353139
35663933633733356462393866343833656130306337323263336363343862326161363635626466
36633163386331343161323138373066316662666261383733363464616565353831326434313536
63333036326464303238613865663933386337636133326239653431636138323136363062653834
37363563366431636563376133633138366562356233356666626530313763393931303766643266
63383631306534386239313434383463656264373734623238396566643839313562346436623034
38343630653662356565366463616637366565363864383835353866393537636263303538326630
33316466643034373732326237663139633237653366653536373436653539366464613035383664
35353862323437613739663165626331393334356538636230333631346465363366393165316134
37396661353664376139343365356237613230303864616165356133363531353837376333653961
35353366333831303636306363353661313731643666613936613962663764636339613365623030
63366461663433663635636333626465353933353231613236316235623030626164343036643461
63663365663035343762393364663133323063363461326363323332383961656665353533623164
33653064636237343538643866343863316361323163646264393766333635633138313532353366
30633361643133613066313731333630613539346133316631646437666263363361323333646464
34396232386638626366313633613065366365316432343266346233666264386136626235616162
63616461656563623861393761363161373561336537306637383235323133643061333161656164
33383435306539333034366662303937633663343637663066623064376466656137653965663732
31616431386563666437363233336133663230623834636531393164326138373539353063633137
61623330656131666666363338343661366631303262306666333135646639383233396234336233
39633062383033323237613664346434636663303937643930346634616237623734633730613961
62623431393364626566373337336235353530643730346436613064613135363135363937633037
35353762343338626264663031336239336237333862356131363165363464393965326438353262
39356336356638386166326233396265346431613439636664383164393134663435666164326230
65613934646439636264333136393734326164633734356438376532643966393762653462653734
66353935653761643636306161366433633539623039613339663038333837313563393531363933
31323534316633363637656635643137636532636636336134396465613663363230626363386463
34363462636166323332373266356534323735316361643133366130636135356434666632313335
32336361613135386561306563376334663733306335623639313864363136393935393535316432
39386633613932666661646231376463396461393634646364333637326531386164383037346536
62643266613733323964366466316432656137646437323664373739313030376330313539663365
39663337353633316561623330303563323038643038616633336630323335633030343039316632
35643033303635393431356137383961613062306461323762306539363037613536333362613461
30623739333230623062383234373964333333383232653730613535636530616530656166626138
30376130343061663265643439363230353362313263383364373331373762333962666362643233
38366562346435393365346262396364396232333439303533616433313430376431613733393565
64366365653261363731346432383832623234353633303363373031306265616465346333653736
31393132393633636636653037383265356261376665333762333930653563636564333133376530
38333263393331373765366666366230343136323337356436323765653835643236313266653137
31386564613363653661626237356131666232353137396463653066663866653137313434363064
35313763663665376533646331313062643038323036633432653363633638393738303163623266
63383938666563373439323735386139633465396638326434313466623435646232353534366334
65303138393532623166393965623663333539306631333466356239646361323237366635396361
61386336636532316539626437333334306561663765336336323862313462326133633762633366
66343732386363383761363363666633303462656635316261336336383863396330396661333061
38366136383464336466356661333131323064656234613230303863636234363937613839386164
38633837656633343335613731626365343231343430313731623634363434376636646333383663
35623365396338646331613633343764313431663765383736663134623631313063616364343362
33346139306336633339643038333435393364346336316535303432646137353133616534363563
34333062393639333238636665353165663963393863646661336163643164613362656537663030
31363061656439363461363232396565323338626332613062353564373465626438306233653963
31316365613661646534333434653937353033613061623731366339333637646231663731306566
36356137346237636139626662333961333034336630653534343662366232326131393265396437
66373139353563323131376137613962346333323130663566663134326635366433363863636433
33626635643464663237346338313665333231353665633634366362396162313932643666306635
62343730393636343166316164363063633133366461323930393937623030333265363864373839
36643466383463303462323234666466656639386363663561316661386532326332376666646361
63666463653364376266343963373866336161373339663233663936663838636338353731373938
39366361336536383638616438356137323438653865373865373437373765356430323734653539
34333037626631356631393561613763626533313232656661333430316434396139393264303833
37633739323639383361363630633635383038653031353236656534376636623636323932383635
38386130653865346331653565316537306234626462616536393634346132326262306432393333
38333132396337363339626631663738306562386439656239376139373561353136313432333338
39666639323731396137666536353633313936393863666435313834656638316265333665313632
32366363656361346632626537333939623634303133353630336534336230633464373963323030
63356461633537333232656365346463623063356335363732633130623665623663366132653731
62343436666264633365343331376634663535356439363836373564303338376338396239646138
39623165356434313233666233303466626465643833663339333733333764663130306364393531
33313532613163626661363231643931663337333034363938316362623031633533336463396133
30393635353039346430666164643466303639626663323562636136623265363136616532366530
62616130366663376534333462313236336335613264623734633036626366333632316533613934
34333631616432396333636634313337303332313865316433383666663561663239393233386532
34373937626438326339653762333135646233343066346334313931363665633836303230313733
32303631396631333031353539303262623465343737633261376135376266373230393666613564
35616539643963653331623436343634363936373463316136646531643839366233363038323832
31323164356230646630363963643139363237346431303161633164643465303061656237643166
39663834333934343834333133326230336163303362653131393564393132636166613230336165
33616138333439336164386134316663386261373435316138393734646337343439353030636162
34396633383538386135313864343063353061613434303739313163353835323139626436623635
30373534383039363934326436666332306635653762303466313665353031623062613932626332
62333230323831613065613363373635636566316430613434656165633530333262646366373135
31326664623033663266333233323834393434653464653465356636633366326434636533306139
38396664383062376332663138383464373265613765663737643732356533613364356435616438
39373836313437313165656131613164393732643265313665326338636338306561336330613365
34623962373661373632633865323835396137303862653336653064353135393330613838383739
30616532663861626434643131666238663733313836313761636234633865343334373732333334
63356263663636376330323230336430383933653238653730343164653639636330373639663438
36383663393464643531353639363436656137616439313732333461333061313136323761363136
65363161373465666565653564356463663030633834316264333435366538346531616532346433
65316431653565323666656666333032613831393066356137616166633862613531373165393261
64666339333566646434666231356362613361383264356231393437323630363136613162306635
36613733383737336435656631633931383932346338303938336330626561383431376466323063
62383237363737373564393936303135623932623562623663663965303366386261663766303135
38653261653831626233613662316164653232633035356231393666386166333062653365623533
34613935366161663266393530313639613061356663656535653530623633663162353235363165
38626138393431313939316330656263643237303362633931383730373162626638383138356638
38356333393133663635386262663364303265306434653639373666666138626239376430343462
64306266646630663433653331316139636331313530343331653734383365626536373661373832
39613933323162316538323531386532383638316430616333343032613062396466313539356566
65653163376564626431376539376131326566393831666566626464643531366261383031343030
32356338666537303666633834316634306565386338353236653931333534383337326163656562
31363339666630393230313866363062306638326238633437306561353230643866613733636236
31363263663863383234386437623232613863643036366266323236653533643532376431326334
39316136346134346563306235373832396365346535613531613235393736383362656533346236
31623561616331623566336664353865623238363133643732333866623432646562356537313930
39363338643133326333633764333064653634633439303138306566373166653465643931633561
34616161623430386561616335336537626331666235646264353633306234366465393262343533
30303335613662313833303461396438373936363561363466323165336161356335623266653038
30306332303139313839396335316139656334653165313137616530353866316261626139636636
66623936376332373935326563353963383265323930316632353337656539393836323865633763
32616434323462636136333862633935613761396331653163656633316563643566393538656265
38343062363665333434376134326431623534393838643565663938383161653665303738333030
65386238306538383630633836336461366136623861323739303664386438633534613939663731
36636130636536396365373430613466326137383266346265383537376266323064626235376238
61643863623133343530316163616338333934376433343566633265373632636531653765656330
30343033633033333464346536333331643363303039653237623532616434313035373936636132
38393131383761386161636239343632353262613533323764346432373436346165633436386231
39663764633438636133303131363536663137646662313239306466633834393637653739326432
32343430383765306534303733356537643934353137393937363963303230646564336363346431
62323934323431303065653731616334626363306635333136326139383961643465316334343838
30373237636264396437326630363437386462653833663930393461366634363066303931623635
63356462663862383762356634643764383238336361646634356262353137363335333232353965
33393738636166373339666462623935376566646264336164343464633933373832346366376238
32616139346562353431623461373434333963653634623963633931633562363230376632653039
33666531333964303135663935323364663461353030626135666263636630376361636332373933
61373838323632383166366134653932396361343639646431346436653233326266323035363233
35313731656638363335613736336334653664663138393135343139333532633963656631386262
62656431643139653962386333663662343263333432303639316435313631353934623336356566
31653761343732303638313461323939353034646431366234346432636265326534653630653064
66633265636137366161333930393330633538633738376436623466646234373366343765383265
30613535363936313332303561386536333138323432613036656366376438333638323137376239
62613738666138353539356164646234353436623632343837303566316462383031613566383539
33656666646634636562386663643462633933346434376133373035363936666130383230353861
63333335646632313632656634366565316338386238316439383939336231386334653633376132
32326535383131343737653839653633383065386434303533313966333932643437323238363062
65363765616133643063303462353166613636633232366563616535333566656561363033363163
66333037663630343862346138363962303064393937336566383134393461343266386462663464
33393361376364336134663436626466643830346234316536663732646637376666326366633734
30613836306465623961616530656231326538633861313439343637393238366130636561663039
62343137656638393562373566666238396438303065316161633838323766303364393835326565
66643639626630336437633834613365316532373839653930666134626662353066326637373761
38323733623335616664336632393838643965323231396332393064646431356332373836343531
61386165363435323833343332396261333337346666313232316166336639343466313238373333
32333837343533393232326462663062663235323762343065303636323537656333306231303430
30386561393062343131393732333330343538616131616436316233343230633330623439613438
63306662386138363238633561643364643564633037616531653561653033386136393663666662
34646132636137613835383135356439646134303730663536663461633635353735613233623166
62373738353430373136306637376664653539623361383735376266383061643461383064323932
30343839316432613963623632633734346637336530393038323930646364663537303738353230
64376663656262656436313761393634636530646534663531346538623937303062666165613761
36373765376630373931386638636264363534386465353765353064646132343663303033616331
36356532353737373632313739333965363035366563613732386166313532663833303935323766
37633466313835383238373734333431643765393335636336313232653339613839623261306338
62643739666433313333346264363434383339343265373930363564666135623736326236313762
32393635326165663635663939393966623630373562656134393431396366343662626461386530
37623332306132666236363639333964323864316338303164376235636232356166353662326639
35666533366661646338323031366163613362343166386264633864353964363830323862396364
63396564393066623038323732383935326231643134333762333962373530343337636235656461
34393762356166316236366561366461663262373339366238616161333135313565333162316234
63646465353637633466626162663037386638653734316330653733386464653830386535383435
37656162303037393336323632366139666638343961326166633661326435626232653666393738
64623962306166366362653532636166626261653431393432383965396637363736383064376237
38643363326166653639306162363735636332663035316437356365343135326631306634646436
30306664626366353865643437396565366631396538313861646364363631393632306336376463
66356535346362656233316534396363633037326231363838323062633333666666633539616634
35656136383937613638613966653761326537323161613138383264373732336433316138396534
31336436623163636130363439353239393835343539666438663239306538346437636563353537
35396231356561636231343465363566396632396334353833366637346432373665396436333234
35333034363665343065343238393365373130653033636163653136633032666265653939353237
30646339313533336232316138663033346465636135613332626362376164393262363339333964
34623464663638323531353962383539333031343361373862666366636363633865633062376432
38376133666265393061386264643836363964313538316530316363353430366637643562633561
36643037333734643865626236316263616162303131353332643432633131653562623466626439
33393034313262633632323531313362323833623366636366343836666533656237623236633038
33383635663963643139396262363135346264333863353939376666623535636632653635363261
35363136393364343137616632353535313161306438623061633434316136346439653734623764
34323466353063663535303166313135323130323135383838376561633736363937323835633837
33633633656132393231623332633437356661383231633131333135336139363438353362643533
62363864633065666663613237363966633930653862353639633065333733373062636161613439
63636338373630323336373363333533316361313233333463393339653930636235343265356663
64636666366163333537633433613439376130396632373232633732646536373536346236636535
36393538323038383834363839353764633834313136636135336533373134306135313038386132
65333363363533353637373333613638653730303462633565386564393262346431386138386231
30623438656162656538646630323165396431363637616634633935343639353832653537613236
32653936353730336237346336313239383537643765313132663065656539343865653230383531
35366637316363323561643630316130653261343336386332626363393236373965356139333066
63376339333161393034656165313665633361313833396462326339373065613833626565323331
33663561623664303562373230393663333536643663366466343066666433316665663434373539
38383261633635386330363166313132333031323730333661353962626437613936333066353339
64643531386666393532303064633262363461313665393336613231633938323365656463376466
35346263366633316337313434306633313763313739613966663633366663663863303462616134
66663636323666366138663433653234666134643065333366366366383462316234636434376132
64666337306332633134336564313235346638653364333564346237326233353632346536616237
65656437613633393665666433653032613536613132393634343464623833326138616238396235
35383839303933653638363935623939353939326136333066396365376634623636326663646235
62323463613465613535343332653335613838613230613966613633356561303464303632376638
3436
