$ANSIBLE_VAULT;1.1;AES256
66646238636261313132353232346434323562303238306361323732633637343431626332616630
3139653234643332313565626136336362646465376163350a303162643661623739646635376562
63396265393964643837663433663737376337326233663335303231363164663334623264346239
3635303433363465350a616633633363666164343534663734633463366566303833663366363931
32353732306262303166386132393262643338656564653338633838623461663066366261656536
33653338643130303537663661626335333163626233366637323666396630343465373738373862
36316334336636663038353862623866306137366338303735383137353737613132653037643638
37313834383834666237363038343565646537323662653365393235383335353966666366633533
31366463353065333338643264313839366436303030333832646132613231313165613537356564
32386331393639373962316131386332633064393438626434373631636236666165666136373164
32633831383862613531626235316364323031333762353236313566393332346238393464336533
64336637643562626664383238383530383665633738303938393465656536303463663639636565
35646663366266346537313435393763393832386430633262663030613437653061303539366163
35396235316436376461353431623738366163386432343338343830383464333131356637643863
64376235613332623564356261633364363037396664616365633533613938343335633530386434
64333561366139353465393037643239613137633333366639323531653764363861333663353165
35356232613063353264383437343039653638653666393137386336623738396334343964303234
32373937616563653536333161643666353039343738613361656362666233303631353934363063
63373136636135386535656362633934376561346134326630346462393036623866633536313165
35383165393633633461303561316538323938393336353362646536303964393139383665383832
65653337313663373465346463313837366461626331393865616166613837633134646631306334
63636330326463646138313134626466333032333437386561323731306530323264643265626464
30646337366539643163343635353966353266323466383764363032383061383062643736303433
36393933333065343539313162303264663535396664323664346262396130333962643933663031
65353335323233653163393362393932333162333837323933613066323039306435343737643962
65316332373165353264363836323438613065356262303538666265393265386636643939626566
34626564626130663038313936623761386539343336633030633134373062353965343439333065
61366464663534336233336634643232376161626165656364616632303232626339383664633030
65373938313334313332626639386538323936323763333961353539616335646339323334393766
30343062663336343461656364383766613463623662316561386131646638633562626332396139
66393733303536386636643164333465343563343238363137656532363336643631323761646432
63323933303963333731653136666264396631653438353465333266383630613262356532366362
36386161653964356435396639396634383330353534356163356237366362346631336466313239
34333432313430316137663265633433356634313238316665343564353736336166333332316662
63303366316461326133653930336331343236313334383634646330366262313239316532363362
61333934396261313531623337343936366334363836376131323566313933316465656262633061
31343631636166303861303463646435663039343837313262636631633062363039303239373431
65396432336339303435653733613235356666633064656131313939303437326464366666353062
37643038366535626633663734346235303964323862373339306261613930616664623763633363
31323934316666383433383038666130663961646434376261356639363932636534313133363030
36323133393734316363303561316137386630623030353931616466313162393664376564326137
32343762363731366530353663353332323535386666343261333538356630663338666563626637
66663662616261616339613965663530353430373264356233616435346631663232666165643336
31313339643561383162616239633336353466343562626465653436386438313638383938623334
62613239386236386638396230386365653832343563646662386537613031376436653365653764
34363863626236316134396365653137633837613063663834343533386439633337646336663562
66363839613266363665323437663839303061336362306230323032613230633230623436386663
33323563653262623639656139326137346435376566643562653966326533356639363262333437
34306239393965383633656266613635306330646263313463376464643834363539363134313763
30643230373963323737643561383332343130346230613066633833663864376563666237386237
35393437646530326563336437616363646161646464303737303033656462336533666665626235
30353332353435356361336433636566323330653836653937323332653063373938666565356139
33613961633335323530663930346131376361653461366438313038346634633939613238306261
33626162663132353732386632653566633631323862626436313531666638383161396364303736
63313233306636616338323666643239316233336361363434623336386335343737306162666134
32666365323261613531306335636430653931396566356335646130393535656565646536663162
65623938333935636430336331303465333963373234326365343437663465643631353831353862
31373733303566643662366334623138613062636362356161393833323765646162653030343731
37633339373031336266306562383539653333636561306236343266393931663935396635386539
39363938383731336465623365633339336465303634393939663330316135356363323732343461
31313761613663303639666162663736386566373033326532633466323662323064343163313332
31613863353162363866623330316165613935343166323436343532316437633537306562653463
65656137633464663761386335396335616236343866326636306434616537323665336132653465
39393834303931346536336236336637626663383066376139316433643463633537346239336533
30666634343064663563363236656132663662646263316136346231303164643866633166386536
66303832616465653932623835663837333937353639653230396462326664623533613737373233
31633033383466643066306437363063646338613138386263656135346631623233343134656534
30313364393466653739383433323236353162303632316236356163646364653534616237343131
38303037646435613432616332643433613532373432343361313464653439323633316335363562
36393237303535343439656235613730356635646533623035643430313637353934353739323436
61363564616636393538393365326433626632323665646138306133616335653034626333363761
35303537626638633532633837346363313333663963616134626261313663616435303563336331
34316639366461656230323830663237383530343932626236356662643966363064653164336534
39653231643531306537353566313662333538626533663163363736626333636561386432373031
39333861643530646661363833383832656439623734386663306231333537613761633131633735
62303730393361356330343462366639633138633535353765326664633164366462316466366265
38383532646663303132666330386361316537363437353965623530376137633361383233613731
34373162326339333533346661333133353338343062326334636530663930313661653036363261
33306132323130653564313536633962333532643562366338373065626630623638383233633038
35323333636630323637303462353136666164363064363764336237653338633363613231653134
38646436356339636233653464656637666463363361366537613561666363656330313963663834
39626262336665363934663362326362383430363932663336653332363339393732356165633436
37383039336337336638636634323062303830373433643963663866626438646164313362323835
64633432356532613337653438343038303765623566306262366534333436363861363239333931
31343831636261366336343066613466383030363763326562653966633138616239336535656236
65646530376664373334353264623065643331326430643966396130373130303033376633346133
34316232656337356661313563636634376265663938653461303839626265396563306565343635
38666237376135383065666439613437656130303038653365636538326337383734386636363864
65363765326137396463313162373561353330376261306338613737396363636435316237646138
32666461636135343162323434646662303037396331366161383063386661363132373437616431
31303839356533393134343465616238613030613332616137373235636438343531383237386463
30616563646664366161623465653035313331363061363134303839666530356166363839303663
30326135393534343731633163373739393366326661343430633530633736636262323830613931
66323564383962633433333631393161353064653338656130313130373437643735373238633833
37353135663461353437316664636139333235333566626234613033633163346430623765363837
30613861653736316665643136626430323831363063316638666533353130333138616162306439
34396433663031656235336333643139393366643061656133383336636266333262343462346565
38393335303166353730336633643562373162656233313865316130346539316537386530393133
61366237623564643862613765653938303733653931616466313230646338653531653430343335
32323162306531343938373334663833636236613062663230633934313538616134383663623164
31313064346332313033393761313761353933646530656332303461656633636233306666653835
65346364633364616364656535643838353162303261393031656263316139663166396235363462
35653136396230376666613839326234613830393362343833353232636564643734343264393862
37313436396132663838643630663031343762653432636636653965363136313162643563313162
34643538303861396430326637356165303239373939396332306236623331386362353964666666
36353961663230386561666566643366303637336131386364653536316337646331626662626364
36313065653864333262343137636534366662386365303063323331373632633463656463326235
32363061363134623538396561333539303039333661386165393235643431356239666237363039
37373432393433643230636366626437326339643637326563633837346633343464613464396434
34303838396637356438363463386637636264303831643030363938623335373635666232346335
61346563356431653564636635613932373836326537666532333963643135613931353534653232
30383734376265643661656536343831663430366138323332656564386231303939353863613361
39613238623637396337366439366166383234626131373565363765313035626463326239353435
61356162326335613037346463623931356262353862356236656235336637386238316165646536
30613039613033633936623232633436346635616366613439393638373732643539653830386238
39376131633763616339356462396361613131353966623236343633346431393938383263613135
32343235393463623962373030343835303961666134313964303833343736396664626639353938
36343461646138613336373837303031653161323163366437303436376162336464623863313161
36343535353037326537623136633439303366623661383039633838643333366134663633613535
33656663313664323633373935383465336636653638613032653564333532353130626262653265
30616338633665636531643731383233316231376566366239353531373239613133653038653036
32303930643531626263363865653766323631396130383537646265666531613335353437333334
39343833353462643064343832336335373530393033393531353430643633623334356431653539
37376135333133393765343534353466613664306136616565373735303436626537326532363066
31313030656531303066393538636463356231353034333366353035373233633830653764613037
33653032643636396537306533376362323732626338346266316637663363656531643935393962
37613762353530653362373462373135623230353264613166316364323336623961326333626463
36333266396331626664303836636664643137633132363762376132356130303465353063376130
66636636646561323966643164626237316565343337626464613430303933333965363966626539
61376438636466633663663336313535623163393039633564393930366131373034626438393635
39323263343665353838356665326236343835336539323038663362623334613832613731393130
66613338643330626662666639396535363561383866346265373834366164613764623430323862
33636539656239306537633132323662353266623138313236623461613365386566383832633561
33623733373366656637663933383330346633643264353230326666353832383163303830353766
61653534343936646130653135386434306562343337366335626365326562623061646431666564
65363733343534623733323161613931393365303231656431653634623537653039396166656563
38633164386364643137623531323737343064303033656332313438323138343530356136303632
61323138363965386130346565393063393631613966346639353666373636336134643162623564
36353761353965616666303665356230316337623464643831333366383663663662666534383536
64633663323039356236666339366332363332666662313230396330346662626263343630346636
37346431396633646138643239363733383266356361623136383935646437396361636139633761
65323835333361646364663830353533653130303033363633343930303931313236623537306139
35306565393866363033353939323637643061343933306333306338663835653736393664343262
32303636366366366462383132636663666161316166303832303263613832373837353564363232
37643361376336386366386431633931633966343632653761663265666666366231336235643836
32363539643231383233396663386265366538303234356539326332353365313237363838616166
63333437326435653938633736633564333937343133303935663035613462623632343630386533
36383331383865306331336261626564646465626635633264343233366334666566313333313532
36393761666365376232323636346166373732383636356530386662373136633661336663613631
39393033633136353630623463313963366135663361363132303165656530313835626435356161
62396162346366626565613738616264363065396365353536393632653430663739333134623538
35363837623562343639326665316562376130643739636432653836313038663436313236363331
34323136306137336665373963376564346439343565373938383436653863613237393162613834
38313731336163663364386130373536623331326465326130303661623162366332643038626262
62323464656634333135363633306639306631636636653239653966333438326334383336363132
34303163636239323732633434303733643935636431626239356662643234326363633263316635
66383233366136336236373531303136346535353839663535366464323936323361353866633333
30343034656262346239383934323661636462636238313435653965313031356364386465326365
33386336323732313833376365323064346537346333333564633638343964356531303033343462
39326338393435653130626465303332623862393135383137306566626539303131373836383835
64396332323363373464386633353537323564623239663665386132396230393730303239346538
66626339363264313666626439363439323138396337333235353336386338336433646664653866
33613565663133363731646438386463356334613730393034386234336630393262643635613630
36623333373334663137653263626231666531346437306565626335303839613638653231346231
31366236316466316330356636626230373063656630616536323230653563623465356532363032
31336536303334373332386464363131353133393235656466663163613931353931393436363563
38393361383430313462643133653633643931303633613533393836363833383739366439323430
35356665373035366463306238356331393936353234646262386135353837343462333632303463
30306362636230323364323566376438336330306333326330383938356465663462303634343337
31353231306566653763336339613232613062626535643538356461393537653038333063366439
33316432343261313931323065313166396630636232623235383363353237303637393533623964
38643837643434386433326431303739323063376538636139323736323830306234383030376430
31613734323239316162376332343166376239373138643534643139643230313533376634396366
36386261613239313464626663316431653734303965376635366263313038323666616338333535
32613364306163653338626536363065386534323035356433336562306431663635326361653966
33376632326364616338623539303365303134636137383530613164363863643933643936333234
34333336613336316330333138366533393662663564373330653035376265363534393636313431
66633663383664343435666165616438666439643064313265373364353338666261333535663838
34363762653866393732353333366337646239326234636663373932616664356339346461373363
31656162343861333964366536636635633036306435333236353038346136616638386431653438
39316364623837343064643466613233323733613032633961303131616533333738326531393430
65633439666661323636626365366534643531356538663635646430386630323662396230313765
61653233636664366336663032623835343166643938386235633037656464613865383830343663
64366134333834666432333432303939663637313533656661393239393361343065346231663864
66376134386363613735303736396233633864366634363239636134626665396361313630386234
64373231626639623330313865363232346438326262346663623239613736323932653062316234
36323032646134323133346537613138633038386532633636346539623836366539336336663765
31616463613035313938633931393266303734333866346532346436633765613830613733323132
35386263613462363731663332633633306266353363316132323131303335303333396531656137
35333832363365316635633861636630303061623036343931653238643433623231653666663239
366230383836616433346136663064616466
